1	
4	46	25	48	44	30	21	26	3	42	
33	7	6	42	47	15	27	6	33	38	10	24	14	25	3	5	21	1	14	40	25	2	45	0	31	35	34	45	23	39	43	9	17	39	40	6	6	44	36	10	47	15	21	37	42	0	38	
1	21	30	12	13	34	29	23	29	5	27	9	47	8	28	0	38	4	35	6	29	30	3	7	23	16	17	43	47	
8	25	0	12	26	22	27	17	31	10	14	44	0	8	15	32	8	9	17	35	31	25	11	39	15	3	48	12	36	35	
27	44	21	37	8	47	14	0	12	22	25	44	41	6	16	10	35	4	24	38	3	3	8	24	17	
32	27	0	10	0	49	45	19	29	28	0	18	32	32	45	12	23	6	10	49	3	48	29	39	24	18	36	35	43	10	36	22	40	14	23	36	8	41	18	30	34	6	14	
46	21	44	4	41	2	15	27	36	44	24	15	34	39	26	20	32	23	4	7	18	14	16	13	3	43	39	12	49	4	48	30	
14	42	25	7	2	23	49	22	12	24	5	42	15	4	5	2	5	46	27	35	43	32	5	8	41	33	10	0	2	49	36	28	24	45	
30	8	40	7	16	32	15	6	12	28	22	13	46	25	7	4	38	3	6	20	8	23	16	43	44	30	2	19	27	47	21	24	29	4	4	6	17	14	35	25	
6	32	25	29	18	4	31	1	28	1	23	18	43	2	19	26	1	49	38	18	10	
26	0	38	11	5	17	2	32	39	6	27	11	44	17	38	
11	10	48	11	38	
35	28	21	8	6	29	42	42	7	5	33	38	26	38	7	22	24	30	3	18	1	49	49	1	20	48	35	32	30	2	44	3	49	0	5	28	43	39	38	37	12	7	43	
31	22	19	17	38	48	42	49	7	43	24	16	
26	4	26	2	8	9	28	19	12	18	19	17	
5	23	1	38	25	36	49	31	7	45	1	37	42	39	17	29	12	44	46	19	7	10	9	48	49	45	27	42	0	11	38	8	48	9	30	37	21	4	43	5	28	47	
21	10	38	24	7	46	9	6	5	25	37	32	1	27	7	22	5	45	40	
6	12	20	21	12	19	5	7	20	10	3	31	8	12	24	49	34	49	0	2	3	14	48	45	41	22	28	48	20	3	
13	12	18	39	12	41	24	6	
37	11	15	10	25	37	5	32	2	20	32	1	1	19	33	26	18	32	19	19	25	5	12	11	2	24	47	7	22	23	16	15	
4	3	6	40	17	31	27	7	12	31	25	6	8	9	31	14	13	35	11	46	49	41	26	41	47	32	27	37	34	8	24	16	46	35	7	1	37	48	3	48	40	
23	30	
3	20	32	14	24	2	11	25	29	28	11	44	32	20	23	7	32	2	0	44	11	13	15	42	32	47	
37	12	2	1	7	37	14	32	7	49	19	49	1	26	19	34	48	28	22	39	29	0	5	35	31	2	26	
20	1	9	14	16	22	4	20	24	32	17	38	1	13	33	48	12	6	34	32	14	9	31	45	44	5	3	17	49	49	11	18	44	1	22	18	45	4	19	25	
15	1	31	35	34	38	8	25	4	37	48	37	47	47	35	39	28	35	9	12	47	32	14	14	26	20	1	29	
3	38	41	26	1	8	2	41	
37	41	0	27	27	38	7	0	44	7	35	33	30	42	38	37	12	21	11	33	42	35	31	
0	24	3	5	41	17	24	40	47	21	22	35	21	11	
4	8	47	15	19	16	34	29	4	47	49	23	9	45	2	14	37	10	33	7	12	34	40	2	29	35	1	7	25	14	41	8	36	33	18	7	7	25	26	48	13	13	31	2	10	10	45	6	
33	11	31	5	30	18	2	42	14	5	1	25	43	2	17	40	26	49	5	15	0	28	10	24	
18	23	30	30	16	39	46	19	12	46	0	25	41	2	47	41	34	3	46	38	12	6	11	35	47	20	40	41	24	16	13	3	9	49	31	15	26	38	3	26	25	14	44	33	38	1	28	20	
46	32	39	8	46	23	6	8	5	30	
38	18	22	40	49	42	40	10	11	3	12	44	3	14	1	22	47	49	4	11	30	16	40	47	25	20	17	26	35	8	14	48	37	11	9	48	8	23	45	17	46	35	21	19	
31	18	31	11	3	3	43	1	40	30	12	13	5	19	32	4	7	20	41	11	1	31	31	41	44	23	20	33	25	30	48	17	49	3	
49	18	40	14	14	41	9	24	34	43	32	34	19	39	27	32	23	5	40	13	30	48	47	42	11	25	34	1	38	43	36	8	20	
14	10	42	20	31	4	43	0	44	40	19	5	11	37	26	2	12	9	35	28	37	27	27	20	45	14	28	5	7	18	41	34	19	36	11	23	36	16	32	7	26	0	39	
12	18	16	0	13	49	15	32	17	37	36	34	26	11	39	32	10	47	34	15	33	34	36	22	42	20	34	21	14	48	17	7	24	44	47	18	15	1	43	25	4	1	1	42	20	35	30	20	
0	30	4	32	48	9	20	22	19	8	10	11	1	33	16	2	5	
1	34	3	30	14	1	9	26	23	19	2	38	42	18	49	18	41	44	9	13	48	24	32	49	39	
20	26	3	34	27	18	9	20	30	11	1	28	29	2	7	16	44	34	49	18	38	41	34	24	34	2	29	49	17	0	49	8	45	24	27	43	35	33	45	8	7	46	0	48	36	13	17	
29	35	5	5	46	4	34	48	45	5	17	34	32	36	28	24	26	12	39	48	29	36	6	10	18	1	20	29	26	5	20	14	1	14	
31	40	16	18	3	16	11	10	5	6	48	39	27	10	17	
1	9	48	0	40	45	34	30	35	12	21	44	41	35	0	16	16	
12	11	31	23	48	16	13	7	28	25	30	17	4	20	22	46	47	17	46	7	24	31	
14	38	46	23	40	15	37	8	48	31	13	15	29	46	39	5	3	27	8	26	37	16	35	9	31	23	22	38	14	45	48	28	16	15	13	45	19	34	38	9	28	24	20	45	2	2	13	8	
21	21	45	11	16	40	14	26	31	24	10	6	9	33	3	9	
21	41	40	28	37	35	4	11	25	20	26	30	14	49	3	25	23	30	35	45	48	0	7	10	30	22	46	
4	37	5	0	33	47	41	38	33	48	10	7	29	24	44	5	28	8	28	31	20	5	25	47	42	30	11	18	5	0	2	16	24	37	47	18	
